15

2780542002377  -8312780947563  1579780190321  -10270600026595  18714114705497  -3571577175067  -7012239956351  -2158377055507  -7667936766743  -5225053455051  -4254253322863  -20376835167043  -26483614672263  12698185497477  -14345766333023
-9321888469471  -3493853181427  3795708163465  -8782594055851  2359116910385  7130883735005  -6505807780583  -26376359738971  15045158728001  -19119048515923  19850729225641  2459524323061  539823809617  5755843361917  -6924234420423
-18957939261458  3995916602454  6365561554078  7636596878150  -3026037174066  12787981302710  -7205890297730  20065018354086  2377244905390  460079071510  -869179475362  17832813317638  -11855729189746  -5337887228810  1416014479934
3299149082054  5233762378062  -12208486596042  -20531084086018  -9147414264794  235570079790  3142493958038  6361505351390  -5871616286586  -4155632141042  -10901898652938  -19356042062146  10501301560038  19141108023278  7584489049174
4435881851355  -12031410854849  14638404438227  5994351219671  15689056083083  -1359050356433  6203447468803  -281948792249  15475181271611  17627990347039  1800750018611  -9075007105097  -10789329419541  9161780862991  8863827009635
5422425822536  35439804328  -13969470829944  928443853800  5374791311816  -4857093696984  -2451333420280  -1034817977752  13593154041416  14877884271784  -2607237885048  16096744407272  -12694387797304  27811640307496  5362070832136
1284684083133  1972039475577  9127355364997  -1221347986271  12318592044685  13839459704841  -9032630732331  -9434239877711  -12827770697123  -2020756310119  -17356740713947  -3358932318271  -20567928736979  -5178076760023  -1402989150347
-9441199663643  12918823571585  -8140502356755  -167152087319  7822607593269  -495604418671  3270301085373  -2510888438663  -36401132155  5748318994337  25236856470925  9657604580105  18845437788373  -15865907267407  -4566212368035
-3479291274639  14058805266461  -845366066599  -3165205531163  -11720238698367  -13901759034131  992238415593  -8443604775115  2040413607825  3967229890237  20420460024953  17916169645445  1352245256097  3231351119245  17990240846601
-1452546430081  4417401249555  -1727653016297  4219826027723  12899195765871  -13894860153533  -19426265307257  16481406574203  8242816662623  3720685915763  -18069100365577  19053846194987  10276647715663  -3327368420701  -5842890378905
5162602766220  -860155431268  -7917425727380  15604345077244  23341369494604  2962255316060  7275505091372  3706475143612  2409254520076  -3430883299812  3906264041964  14755894739324  -19096492422708  -2306585218084  14407608974508
13798982210145  -1740961302195  2886839571401  2955662525077  4064819148657  8811587428637  1283233736537  6781706729189  -7216669631103  2111692453357  24429671572457  11395588149  -3170753506159  -12127984678979  14522146036089
9215998340106  -11095892280254  -566352874470  -11604435711214  7711392080554  437910535778  -2257146225734  -16814740100558  -1579500412086  -15757106298238  -14502968320678  19154285288274  1264079801834  277398235298  -4882267383558
-7035719021377  7015886653267  -4982192983977  -7583490457845  -3212149048913  3674710657411  -11516777627961  18564399744187  7060497286559  7222848061107  -1512922725321  -16111112981141  8286216986767  -14501013137693  -8959704436569
-9663445807941  -13798982210145  1740961302195  -2886839571401  -2955662525077  -4064819148657  -8811587428637  -1283233736537  -6781706729189  7216669631103  -2111692453357  -24429671572457  -11395588149  3170753506159  12127984678979

253327479039590 253327479039590 253327479039590 253327479039590 253327479039590 253327479039590 253327479039590 253327479039590 253327479039590 253327479039590 253327479039590 253327479039590 253327479039590 253327479039590 253327479039590
281474976710656 281474976710656 281474976710656 281474976710656 281474976710656 281474976710656 281474976710656 281474976710656 281474976710656 281474976710656 281474976710656 281474976710656 281474976710656 281474976710656 281474976710656
